# step, loss_train, loss_test, metrics_test
0.000000000000000000e+00 1.958938706963373605e-03 1.119215505814833284e-01 8.452428644353681200e-03 3.124752237420305809e-03 5.279226085415322962e-03 7.330978691375623132e-04 6.907591625776449140e-03 9.240222758516128398e-02 1.011701206844475148e-02 2.085087357818839887e-02 1.896142537119982789e-03 1.074502078869517124e-01 8.438571516137808454e-03 3.124752237420305809e-03 5.279226085415322962e-03 7.330978691375623132e-04 6.907591625776449140e-03 9.240222758516128398e-02 1.011701206844475148e-02 2.085087357818839887e-02
1.000000000000000000e+02 7.154320820242135697e-05 1.213523185261592277e-05 1.685450302578065046e-03 2.462368824040674607e-03 3.200762260618744909e-04 1.856681142893304394e-03 3.220346267833635603e-04 7.802072080000930533e-03 8.350828951021117461e-05 3.425261808975432132e-06 6.946492209722175031e-05 1.254694788874722638e-05 1.701043686181061797e-03 2.462368824040674607e-03 3.200762260618744909e-04 1.856681142893304394e-03 3.220346267833635603e-04 7.802072080000930533e-03 8.350828951021117461e-05 3.425261808975432132e-06
2.000000000000000000e+02 4.141158534366617017e-05 6.877844602908410902e-06 2.419883501903056285e-03 7.119762011592103979e-04 4.536753141366840682e-04 2.508494343692180620e-03 2.946648331314799659e-04 2.334081605684592761e-03 2.290406359631106130e-04 8.048225333830378343e-07 4.215362025684887408e-05 5.602271365057409266e-06 2.442293032490870999e-03 7.119762011592103979e-04 4.536753141366840682e-04 2.508494343692180620e-03 2.946648331314799659e-04 2.334081605684592761e-03 2.290406359631106130e-04 8.048225333830378343e-07
3.000000000000000000e+02 8.036359127997995719e-06 9.495588664744036858e-06 2.288361532714734345e-03 5.188401446500778445e-04 3.454154745415059834e-04 2.347687345648071140e-03 2.676267873812641679e-04 1.698784749545269443e-03 2.209752675435278232e-04 7.263975271728407476e-07 7.296200609696204866e-06 9.283867956040275967e-06 2.369775241822137581e-03 5.188401446500778445e-04 3.454154745415059834e-04 2.347687345648071140e-03 2.676267873812641679e-04 1.698784749545269443e-03 2.209752675435278232e-04 7.263975271728407476e-07
4.000000000000000000e+02 5.345965751292177343e-06 1.257398887489412152e-05 2.152501767508397355e-03 4.445115645106796024e-04 3.383347312861514564e-04 2.261068662704298314e-03 2.911633749103666852e-04 1.344899192851897957e-03 2.261734516092759944e-04 6.144809829884005716e-07 4.947614351615445601e-06 1.209751510516073451e-05 2.286331819531031966e-03 4.445115645106796024e-04 3.383347312861514564e-04 2.261068662704298314e-03 2.911633749103666852e-04 1.344899192851897957e-03 2.261734516092759944e-04 6.144809829884005716e-07
5.000000000000000000e+02 5.803823331752752521e-06 1.329739427986789288e-05 2.078408427939031338e-03 3.471494835234315186e-04 3.571801820085345109e-04 2.180965085223436802e-03 2.951637194298871165e-04 1.158088182164022624e-03 2.074838027313374075e-04 2.041967086006429328e-07 5.331715652489007947e-06 1.220203769768399697e-05 2.260902730536086883e-03 3.471494835234315186e-04 3.571801820085345109e-04 2.180965085223436802e-03 2.951637194298871165e-04 1.158088182164022624e-03 2.074838027313374075e-04 2.041967086006429328e-07
6.000000000000000000e+02 8.808511650982625283e-06 1.481944272113092780e-05 1.968950055268370303e-03 2.163764892917352783e-04 3.961074553565176095e-04 2.102234862557455716e-03 2.839339966896189602e-04 9.874802557462067625e-04 1.795908713733221373e-04 1.547192307223038363e-07 8.253663780683644281e-06 1.336058182537252770e-05 2.193639771067197770e-03 2.163764892917352783e-04 3.961074553565176095e-04 2.102234862557455716e-03 2.839339966896189602e-04 9.874802557462067625e-04 1.795908713733221373e-04 1.547192307223038363e-07
7.000000000000000000e+02 1.289865500715176269e-05 1.442037668068341936e-05 1.905536432932332120e-03 1.273259333102395765e-04 4.304273167781742663e-04 2.052316169468100786e-03 2.635227813469945128e-04 8.580926693737212429e-04 1.611198019299551532e-04 1.356378188013536928e-07 1.241430273079635183e-05 1.277421098344986444e-05 2.153734438766836262e-03 1.273259333102395765e-04 4.304273167781742663e-04 2.052316169468100786e-03 2.635227813469945128e-04 8.580926693737212429e-04 1.611198019299551532e-04 1.356378188013536928e-07
8.000000000000000000e+02 1.815984822721575104e-05 1.284331562836083505e-05 1.786815034152048568e-03 7.630481159207312149e-05 4.868018504556125936e-04 1.992337167054266094e-03 2.538276095161648969e-04 7.721714645316471882e-04 1.288066304625745076e-04 1.169769447727676771e-07 1.767071006153109986e-05 1.164086110906347333e-05 2.051581166472783279e-03 7.630481159207312149e-05 4.868018504556125936e-04 1.992337167054266094e-03 2.538276095161648969e-04 7.721714645316471882e-04 1.288066304625745076e-04 1.169769447727676771e-07
9.000000000000000000e+02 2.182645171778359127e-05 1.141299403182191237e-05 1.654135711696898183e-03 6.093496742766098034e-05 5.354768080784634175e-04 1.935609891492652297e-03 2.438352930659077222e-04 7.414616955449775245e-04 9.690253017774853384e-05 6.490606999645032460e-08 2.140135121236537045e-05 1.073390579515866685e-05 1.930495415327272962e-03 6.093496742766098034e-05 5.354768080784634175e-04 1.935609891492652297e-03 2.438352930659077222e-04 7.414616955449775245e-04 9.690253017774853384e-05 6.490606999645032460e-08
1.000000000000000000e+03 2.405252616776541396e-05 1.064154334789091804e-05 1.621657721152432131e-03 5.406154550289738646e-05 5.472880946893809518e-04 1.924926366536411229e-03 2.303527237429107012e-04 6.619830864831657835e-04 7.719688551744455186e-05 1.201198445309475776e-07 2.409266762054902263e-05 1.027744362607782679e-05 1.909939935006024249e-03 5.406154550289738646e-05 5.472880946893809518e-04 1.924926366536411229e-03 2.303527237429107012e-04 6.619830864831657835e-04 7.719688551744455186e-05 1.201198445309475776e-07
1.100000000000000000e+03 3.143554222600443215e-05 1.240764072510101528e-05 1.902608946138389500e-03 9.057325701575588825e-05 5.820556874798755954e-04 2.027943467198810388e-03 3.370928412122964801e-04 3.066507853147139740e-04 5.624953799381607810e-05 4.963134073229220885e-06 3.385036436764958062e-05 1.215191432158653244e-05 2.233268345584043645e-03 9.057325701575588825e-05 5.820556874798755954e-04 2.027943467198810388e-03 3.370928412122964801e-04 3.066507853147139740e-04 5.624953799381607810e-05 4.963134073229220885e-06
1.200000000000000000e+03 2.779178553764223645e-05 1.254286360985158599e-05 1.449785361820020652e-03 4.990709638275865530e-05 6.354999152793608559e-04 1.888700978905926472e-03 4.104026378870022579e-04 6.251833336611003437e-04 5.502504509813081908e-05 2.550380818837214830e-06 2.888800293701889241e-05 1.215822262441707799e-05 1.733546281970858860e-03 4.990709638275865530e-05 6.354999152793608559e-04 1.888700978905926472e-03 4.104026378870022579e-04 6.251833336611003437e-04 5.502504509813081908e-05 2.550380818837214830e-06
1.300000000000000000e+03 3.054000843396350445e-05 1.316546776948798993e-05 1.437672645280753825e-03 5.167321501226393888e-05 6.241055302131412030e-04 1.876200142126574575e-03 1.929414474779482720e-04 5.745763427500589484e-04 3.793593370786685776e-05 3.656793340042292312e-07 3.128160010112414867e-05 1.310263274297473089e-05 1.726909539143733126e-03 5.167321501226393888e-05 6.241055302131412030e-04 1.876200142126574575e-03 1.929414474779482720e-04 5.745763427500589484e-04 3.793593370786685776e-05 3.656793340042292312e-07
1.400000000000000000e+03 2.865845155617347082e-05 1.180982322881906558e-05 1.304706083909735808e-03 5.440636801025387645e-05 6.212070336880083600e-04 1.817275187051891694e-03 2.049538217027261668e-04 7.468631983894891439e-04 3.873410680930854138e-05 5.437123231723468514e-07 2.895703594235084533e-05 1.189077379214710882e-05 1.576597014923755485e-03 5.440636801025387645e-05 6.212070336880083600e-04 1.817275187051891694e-03 2.049538217027261668e-04 7.468631983894891439e-04 3.873410680930854138e-05 5.437123231723468514e-07
1.500000000000000000e+03 3.086445030001030033e-05 1.289734119517467492e-05 1.395386969690214606e-03 5.649116076880436837e-05 6.375514941049759913e-04 1.863901298870093226e-03 1.761573955208755194e-04 5.360754908807343960e-04 3.159889776568827887e-05 2.727888002002589547e-07 3.218655758412140497e-05 1.310050665675194649e-05 1.681257858866564694e-03 5.649116076880436837e-05 6.375514941049759913e-04 1.863901298870093226e-03 1.761573955208755194e-04 5.360754908807343960e-04 3.159889776568827887e-05 2.727888002002589547e-07
1.600000000000000000e+03 3.300119837494403294e-05 1.325445858203371594e-05 1.613282505047456718e-03 7.247773256844082241e-05 6.097733651160908760e-04 1.927944934529063955e-03 1.518363434392912487e-04 3.262622472847567594e-04 2.543766153057686966e-05 8.238063197611783272e-07 3.580072749694778405e-05 1.377191036686911587e-05 1.915496687071261252e-03 7.247773256844082241e-05 6.097733651160908760e-04 1.927944934529063955e-03 1.518363434392912487e-04 3.262622472847567594e-04 2.543766153057686966e-05 8.238063197611783272e-07
1.700000000000000000e+03 2.949974568967394245e-05 1.195204758737225321e-05 1.348818238437878925e-03 5.879748249790466024e-05 6.435974967411337792e-04 1.841175051973540505e-03 1.628809615343808836e-04 5.428209347496772488e-04 3.066457571202458541e-05 1.973589542193182234e-07 3.125675705368281132e-05 1.231252177730946939e-05 1.628298619511047741e-03 5.879748249790466024e-05 6.435974967411337792e-04 1.841175051973540505e-03 1.628809615343808836e-04 5.428209347496772488e-04 3.066457571202458541e-05 1.973589542193182234e-07
1.800000000000000000e+03 3.058999797736405894e-05 1.154924888291904554e-05 1.335111348297931665e-03 6.304873164225963187e-05 6.487140249919735478e-04 1.842748583474800332e-03 1.531705660247813250e-04 5.114724966111721186e-04 2.855182594833154019e-05 2.112440777768906752e-07 3.266540737659666898e-05 1.202269645368312683e-05 1.615131311625681325e-03 6.304873164225963187e-05 6.487140249919735478e-04 1.842748583474800332e-03 1.531705660247813250e-04 5.114724966111721186e-04 2.855182594833154019e-05 2.112440777768906752e-07
1.900000000000000000e+03 3.056380355631065538e-05 1.166415504432796611e-05 1.329438722595592580e-03 6.321289458109631077e-05 6.555589015019216027e-04 1.841173093180300049e-03 1.571422819742943988e-04 4.934551451054940922e-04 2.886398267902168623e-05 3.615438767321510580e-07 3.303564554030878728e-05 1.215058032980607496e-05 1.606927644197171483e-03 6.321289458109631077e-05 6.555589015019216027e-04 1.841173093180300049e-03 1.571422819742943988e-04 4.934551451054940922e-04 2.886398267902168623e-05 3.615438767321510580e-07
2.000000000000000000e+03 3.058296343160969781e-05 1.039062887607526758e-05 1.307530315932889115e-03 6.693150733292932918e-05 6.344023297560406720e-04 1.833142244171331219e-03 1.460009557481794899e-04 4.948257792725049842e-04 2.987194327987857328e-05 2.626257760490302309e-07 3.305168711297334303e-05 1.068338857634622061e-05 1.587439676482153882e-03 6.693150733292932918e-05 6.344023297560406720e-04 1.833142244171331219e-03 1.460009557481794899e-04 4.948257792725049842e-04 2.987194327987857328e-05 2.626257760490302309e-07
2.100000000000000000e+03 3.114674351786973224e-05 1.037338500632029248e-05 1.285810038289786133e-03 6.956526473825208818e-05 6.251242156557169308e-04 1.825265472409602716e-03 1.418237634441543444e-04 4.808627777572190660e-04 2.907216343752404183e-05 2.797971028413627235e-07 3.375386928276337981e-05 1.059547734434457259e-05 1.562156241770374428e-03 6.956526473825208818e-05 6.251242156557169308e-04 1.825265472409602716e-03 1.418237634441543444e-04 4.808627777572190660e-04 2.907216343752404183e-05 2.797971028413627235e-07
2.200000000000000000e+03 3.132286134226270827e-05 1.119482848612025342e-05 1.260033935545850671e-03 6.535223567546089767e-05 6.233853715102347483e-04 1.818290671645746799e-03 1.412227257264574826e-04 4.831135333180382988e-04 3.004941818104683797e-05 3.694439038910612714e-07 3.401311760347786050e-05 1.098965238784828335e-05 1.532238530506913792e-03 6.535223567546089767e-05 6.233853715102347483e-04 1.818290671645746799e-03 1.412227257264574826e-04 4.831135333180382988e-04 3.004941818104683797e-05 3.694439038910612714e-07
2.300000000000000000e+03 3.255071015176956161e-05 1.161576858970271051e-05 1.246130612859187902e-03 6.950759679505668894e-05 5.857007092459294356e-04 1.808919455793205674e-03 1.402905530666736220e-04 4.617492304752792830e-04 3.158297626210500108e-05 3.326816116553687730e-07 3.524042791161695581e-05 1.095982757000122686e-05 1.521253360932491982e-03 6.950759679505668894e-05 5.857007092459294356e-04 1.808919455793205674e-03 1.402905530666736220e-04 4.617492304752792830e-04 3.158297626210500108e-05 3.326816116553687730e-07
2.400000000000000000e+03 3.519165683206211781e-05 1.387251195410202989e-05 1.209027263105150836e-03 6.958184078843388106e-05 5.476120879435280578e-04 1.794172406583915101e-03 1.404154450659815089e-04 4.355207029703128782e-04 3.013795123396938996e-05 3.155219592472073281e-07 3.792669955222580780e-05 1.279816993103044407e-05 1.477456441547504327e-03 6.958184078843388106e-05 5.476120879435280578e-04 1.794172406583915101e-03 1.404154450659815089e-04 4.355207029703128782e-04 3.013795123396938996e-05 3.155219592472073281e-07
2.500000000000000000e+03 3.514137626598427952e-05 1.776208979450135010e-05 1.076591044247240210e-03 6.276078912647987495e-05 5.458174853375060602e-04 1.731258171401430868e-03 1.539519404881273625e-04 5.475538336432887255e-04 3.257470232142534465e-05 4.871051009098883360e-07 3.719952882558282562e-05 1.509947887443418172e-05 1.321262341643564698e-03 6.276078912647987495e-05 5.458174853375060602e-04 1.731258171401430868e-03 1.539519404881273625e-04 5.475538336432887255e-04 3.257470232142534465e-05 4.871051009098883360e-07
2.600000000000000000e+03 4.933344836936610011e-05 2.327165333916102915e-05 1.168708039003277027e-03 5.820124219777348832e-05 4.785938319329273091e-04 1.763809139452270341e-03 1.456399989685180528e-03 3.680312760709934317e-04 2.705053689895560250e-05 3.416389937246540207e-06 5.168975024571087918e-05 2.038397003846530902e-05 1.419282158680148240e-03 5.820124219777348832e-05 4.785938319329273091e-04 1.763809139452270341e-03 1.456399989685180528e-03 3.680312760709934317e-04 2.705053689895560250e-05 3.416389937246540207e-06
2.700000000000000000e+03 6.331194331735649642e-05 3.079812916073562001e-05 1.061655096281248272e-03 5.098537576966292469e-05 3.807372671002840262e-04 1.721512667471554502e-03 1.471985327339201787e-04 3.543681964745119318e-04 2.477453615465099416e-05 3.214040276731125748e-07 6.399602196501081252e-05 2.714619797103244112e-05 1.305018651346395676e-03 5.098537576966292469e-05 3.807372671002840262e-04 1.721512667471554502e-03 1.471985327339201787e-04 3.543681964745119318e-04 2.477453615465099416e-05 3.214040276731125748e-07
2.800000000000000000e+03 7.980116673661875133e-05 3.629880653019452899e-05 1.006255374653327629e-03 4.138358170899727605e-05 3.396231547409502482e-04 1.706901788187771812e-03 1.445823810812655078e-04 3.380178791994654821e-04 2.025431101750293326e-05 3.586564407090330824e-07 7.847146055808852108e-05 3.214506040906026617e-05 1.238713736437376802e-03 4.138358170899727605e-05 3.396231547409502482e-04 1.706901788187771812e-03 1.445823810812655078e-04 3.380178791994654821e-04 2.025431101750293326e-05 3.586564407090330824e-07
2.900000000000000000e+03 1.086995887393066117e-04 3.976315521568130984e-05 8.704046651081955932e-04 4.108735147586627595e-05 3.098597892931825187e-04 1.680227711697541244e-03 1.537168681992789388e-04 3.589361293535919860e-04 2.017705480044561117e-05 3.793390261491647995e-07 1.034346409471988251e-04 3.592817022592533443e-05 1.078650516450652000e-03 4.108735147586627595e-05 3.098597892931825187e-04 1.680227711697541244e-03 1.537168681992789388e-04 3.589361293535919860e-04 2.017705480044561117e-05 3.793390261491647995e-07
3.000000000000000000e+03 1.341748922241269438e-04 4.024476973697908790e-05 8.572733794360175210e-04 2.850117024631175876e-05 2.583397859053589737e-04 1.692743764352900660e-03 1.402393902931925776e-04 3.112685282419724777e-04 1.334587224130379851e-05 4.948162873615570830e-07 1.249465776268354072e-04 3.707714990015409525e-05 1.058605464516118068e-03 2.850117024631175876e-05 2.583397859053589737e-04 1.692743764352900660e-03 1.402393902931925776e-04 3.112685282419724777e-04 1.334587224130379851e-05 4.948162873615570830e-07
3.100000000000000000e+03 1.620816152508091029e-04 3.695404348431602750e-05 7.639549588800840152e-04 2.746951281815124268e-05 2.473254530862331450e-04 1.677923618427325193e-03 1.590254783069003017e-04 3.252409738008395766e-04 1.442007626115650075e-05 5.135156401707320058e-07 1.479404297809041127e-04 3.530182567795849951e-05 9.464881419354788817e-04 2.746951281815124268e-05 2.473254530862331450e-04 1.677923618427325193e-03 1.590254783069003017e-04 3.252409738008395766e-04 1.442007626115650075e-05 5.135156401707320058e-07
3.200000000000000000e+03 1.831388418684869852e-04 3.449392691081996579e-05 7.185130679201388567e-04 2.712558968222560088e-05 2.297427049269544659e-04 1.701858327110700175e-03 1.363368559458891759e-04 2.882314983177222765e-04 1.135540407955305558e-05 5.904909641246512132e-07 1.664530403371338612e-04 3.373151832877425597e-05 8.856765840563708215e-04 2.712558968222560088e-05 2.297427049269544659e-04 1.701858327110700175e-03 1.363368559458891759e-04 2.882314983177222765e-04 1.135540407955305558e-05 5.904909641246512132e-07
3.300000000000000000e+03 2.121503611183053501e-04 3.151954402241101020e-05 7.576635064031375221e-04 1.617386883541385435e-05 1.922704059517778090e-04 1.717866981319832219e-03 2.583001489870632365e-04 2.427200727331735493e-04 6.023363965296241563e-06 8.332254943257791056e-07 1.927893684444522890e-04 3.204560592899950965e-05 9.265855191818168479e-04 1.617386883541385435e-05 1.922704059517778090e-04 1.717866981319832219e-03 2.583001489870632365e-04 2.427200727331735493e-04 6.023363965296241563e-06 8.332254943257791056e-07
3.400000000000000000e+03 2.230174630410224046e-04 2.756664312159248312e-05 4.964444734636775172e-04 7.382560376930242261e-05 2.520792614579391716e-04 1.657520067899475973e-03 1.481967523446182065e-04 4.144101299241254250e-04 1.579567241930207336e-05 5.476190295167336680e-07 2.031730178055160551e-04 2.809060897867846936e-05 6.154707195885751559e-04 7.382560376930242261e-05 2.520792614579391716e-04 1.657520067899475973e-03 1.481967523446182065e-04 4.144101299241254250e-04 1.579567241930207336e-05 5.476190295167336680e-07
3.500000000000000000e+03 2.473474474720631215e-04 3.019838640558933346e-05 2.861847137845125442e-04 3.016986214533843419e-04 5.758055418218762994e-04 1.301658306106677357e-03 5.053722293813414212e-04 2.591107815454213315e-03 8.712862115198523121e-05 2.119349654600914499e-06 2.402340150197984246e-04 2.958472573662384233e-05 1.987656180341255843e-04 3.016986214533843419e-04 5.758055418218762994e-04 1.301658306106677357e-03 5.053722293813414212e-04 2.591107815454213315e-03 8.712862115198523121e-05 2.119349654600914499e-06
3.600000000000000000e+03 2.591181088860802957e-04 2.497322635167836371e-05 5.298845289905944897e-04 2.228599962917254991e-05 2.031097959573482188e-04 1.681905229092120306e-03 4.012930400320752515e-04 3.186889655234203525e-04 6.820301677411203786e-06 8.682673797319465281e-07 2.357526547039639911e-04 2.573396165854715539e-05 6.482523829629935515e-04 2.228599962917254991e-05 2.031097959573482188e-04 1.681905229092120306e-03 4.012930400320752515e-04 3.186889655234203525e-04 6.820301677411203786e-06 8.682673797319465281e-07
3.700000000000000000e+03 2.639749180472100200e-04 2.281623402966612604e-05 5.180545329539980965e-04 1.931138556794782747e-05 1.923855246736728573e-04 1.683742941840334897e-03 1.134051609186908507e-04 3.019299007948881598e-04 7.007324524404010406e-06 4.302414968438443913e-07 2.444769955024288992e-04 2.421537013806159978e-05 6.338989360199340142e-04 1.931138556794782747e-05 1.923855246736728573e-04 1.683742941840334897e-03 1.134051609186908507e-04 3.019299007948881598e-04 7.007324524404010406e-06 4.302414968438443913e-07
3.800000000000000000e+03 2.674688744412784280e-04 2.156539668337413801e-05 4.938275760677639801e-04 1.790462551186935180e-05 1.926543814123685421e-04 1.676949221636265608e-03 1.159990839049116222e-04 3.113571176551832922e-04 6.294294754415940879e-06 3.962348661281379443e-07 2.499845628531306642e-04 2.301873358486833604e-05 6.032522942538780762e-04 1.790462551186935180e-05 1.926543814123685421e-04 1.676949221636265608e-03 1.159990839049116222e-04 3.113571176551832922e-04 6.294294754415940879e-06 3.962348661281379443e-07
3.900000000000000000e+03 2.762345949931031656e-04 2.062523232046617203e-05 3.772600214933221263e-04 3.468118681555560132e-05 2.078312195347309800e-04 1.607835726198455703e-03 1.165022381354220433e-04 4.874552404463120318e-04 8.708657943640321921e-06 4.140168144670940765e-07 2.611041892038144124e-04 2.184228603627806634e-05 4.643776924112080979e-04 3.468118681555560132e-05 2.078312195347309800e-04 1.607835726198455703e-03 1.165022381354220433e-04 4.874552404463120318e-04 8.708657943640321921e-06 4.140168144670940765e-07
4.000000000000000000e+03 2.781413215088986927e-04 2.046735577586418546e-05 4.945684574158510987e-04 1.466685437435558020e-05 2.059205826887271912e-04 1.664979507663792322e-03 5.645850320957964416e-04 3.170891621391391910e-04 6.202029747802605743e-06 1.198103989305654783e-06 2.647795255326702043e-04 2.241129236495621537e-05 6.013030509670686452e-04 1.466685437435558020e-05 2.059205826887271912e-04 1.664979507663792322e-03 5.645850320957964416e-04 3.170891621391391910e-04 6.202029747802605743e-06 1.198103989305654783e-06
4.100000000000000000e+03 2.871492591899683683e-04 1.942015470292759956e-05 5.453634785464139649e-04 1.002844097363190151e-04 1.528439823684630248e-04 1.716090013525575818e-03 9.167637970149320977e-05 2.915414768783634370e-04 3.033185150297874965e-06 3.082201608777552437e-07 2.737782892608945002e-04 2.086274970601646617e-05 6.561795300785220990e-04 1.002844097363190151e-04 1.528439823684630248e-04 1.716090013525575818e-03 9.167637970149320977e-05 2.915414768783634370e-04 3.033185150297874965e-06 3.082201608777552437e-07
4.200000000000000000e+03 2.886268911197792018e-04 1.893117424129621860e-05 4.489180036569261349e-04 1.566153378335065485e-05 1.790921115706287927e-04 1.671719162193674403e-03 1.013048318432823033e-04 3.037729363466954964e-04 4.657324479394880657e-06 3.176232171944690546e-07 2.777681379332313659e-04 2.050482871194119784e-05 5.438748224014341342e-04 1.566153378335065485e-05 1.790921115706287927e-04 1.671719162193674403e-03 1.013048318432823033e-04 3.037729363466954964e-04 4.657324479394880657e-06 3.176232171944690546e-07
4.300000000000000000e+03 2.887538465023292158e-04 1.813010668478608084e-05 4.886179879464288764e-04 1.200584212853205510e-05 1.677393109785891537e-04 1.701483128111320759e-03 9.289189647572219043e-05 2.535111270282579678e-04 4.224606982777378344e-06 2.745471773286160240e-07 2.791345581911690689e-04 1.957363990685395301e-05 5.868766892668790969e-04 1.200584212853205510e-05 1.677393109785891537e-04 1.701483128111320759e-03 9.289189647572219043e-05 2.535111270282579678e-04 4.224606982777378344e-06 2.745471773286160240e-07
4.400000000000000000e+03 2.969201729849221729e-04 1.847683941107354172e-05 4.044952055757676675e-04 2.263051668911967673e-05 1.833121315193642022e-04 1.658133488536778959e-03 9.862015758540738431e-05 3.268388208977204899e-04 5.492440389330129398e-06 3.209781017809590832e-07 2.897005013994149829e-04 2.001431231095668638e-05 4.898109151706540225e-04 2.263051668911967673e-05 1.833121315193642022e-04 1.658133488536778959e-03 9.862015758540738431e-05 3.268388208977204899e-04 5.492440389330129398e-06 3.209781017809590832e-07
4.500000000000000000e+03 2.966801052244403929e-04 1.830936284636804735e-05 4.214986995035470679e-04 1.427284946972339043e-05 1.754131311059613425e-04 1.665190477861811956e-03 9.206723381885656768e-05 3.045443304341629047e-04 4.353938177883002030e-06 3.074138961486823094e-07 2.912259568769284324e-04 1.986041737745735658e-05 5.080803654939320497e-04 1.427284946972339043e-05 1.754131311059613425e-04 1.665190477861811956e-03 9.206723381885656768e-05 3.045443304341629047e-04 4.353938177883002030e-06 3.074138961486823094e-07
4.600000000000000000e+03 3.050957603702570656e-04 1.822866048894119113e-05 3.958955713427351163e-04 1.486333557359633389e-05 1.730842435255075106e-04 1.662837355143369049e-03 1.126240668249125040e-04 3.188287656488286302e-04 4.892288906034863808e-06 3.568005285222910783e-07 2.993862513504097337e-04 1.942442431738323065e-05 4.767356745067467295e-04 1.486333557359633389e-05 1.730842435255075106e-04 1.662837355143369049e-03 1.126240668249125040e-04 3.188287656488286302e-04 4.892288906034863808e-06 3.568005285222910783e-07
4.700000000000000000e+03 3.024304097162774691e-04 1.794390360969211752e-05 4.475628844328505057e-04 1.164678855223169570e-05 1.603005132149571787e-04 1.690150042182310668e-03 9.651762714272979450e-05 2.593057257607471119e-04 3.346717266425846478e-06 3.089447696245576795e-07 2.996527764433051279e-04 1.938198680520175434e-05 5.356180033372001659e-04 1.164678855223169570e-05 1.603005132149571787e-04 1.690150042182310668e-03 9.651762714272979450e-05 2.593057257607471119e-04 3.346717266425846478e-06 3.089447696245576795e-07
4.800000000000000000e+03 3.094487263324380787e-04 1.835436664149940511e-05 3.960817362600878950e-04 1.322105271493743056e-05 1.670920053068561156e-04 1.660462313138682004e-03 8.589382159954119401e-05 3.023820903530095448e-04 3.804882360061466798e-06 3.354678326117449254e-07 3.092058963622635530e-04 1.975815746482083830e-05 4.758338489904123648e-04 1.322105271493743056e-05 1.670920053068561156e-04 1.660462313138682004e-03 8.589382159954119401e-05 3.023820903530095448e-04 3.804882360061466798e-06 3.354678326117449254e-07
4.900000000000000000e+03 3.109640039012904773e-04 1.832553277825776846e-05 3.925355198471899886e-04 1.264056811800857569e-05 1.649950895356460160e-04 1.664390015244998156e-03 8.389307994100123815e-05 2.976642100327710162e-04 4.037851858389644876e-06 3.450359340760215169e-07 3.116174597836856609e-04 1.978759129224986904e-05 4.703491951768283726e-04 1.264056811800857569e-05 1.649950895356460160e-04 1.664390015244998156e-03 8.389307994100123815e-05 2.976642100327710162e-04 4.037851858389644876e-06 3.450359340760215169e-07
5.000000000000000000e+03 3.095921013761260537e-04 1.830163134712615595e-05 3.726167521518153705e-04 1.338312593423319588e-05 1.677105312148032977e-04 1.651875694419301707e-03 8.558230877977901648e-05 3.182742617402881439e-04 4.239434761125598691e-06 3.953170059664220927e-07 3.126552485762280767e-04 1.960966935224573384e-05 4.470355978360656779e-04 1.338312593423319588e-05 1.677105312148032977e-04 1.651875694419301707e-03 8.558230877977901648e-05 3.182742617402881439e-04 4.239434761125598691e-06 3.953170059664220927e-07
5.100000000000000000e+03 3.258020180345537042e-04 1.908615192862605180e-05 3.607155352867348641e-04 2.071215975430433639e-05 1.664883444114508113e-04 1.651087287619443103e-03 3.735683594641578333e-04 3.275084226661102368e-04 2.877666678882021369e-06 1.261728963073653809e-06 3.295470457641875997e-04 2.013372664017625750e-05 4.306336483913650488e-04 2.071215975430433639e-05 1.664883444114508113e-04 1.651087287619443103e-03 3.735683594641578333e-04 3.275084226661102368e-04 2.877666678882021369e-06 1.261728963073653809e-06
5.200000000000000000e+03 3.151588234382611607e-04 1.785722173169234191e-05 3.477535343155516720e-04 3.079945113111080157e-05 1.696356733464680043e-04 1.643053518211028781e-03 9.290577080691253921e-05 3.327777453444478659e-04 3.672267978020589748e-06 4.674844085779165543e-07 3.220531973114806185e-04 1.920824093470866313e-05 4.169304538559766532e-04 3.079945113111080157e-05 1.696356733464680043e-04 1.643053518211028781e-03 9.290577080691253921e-05 3.327777453444478659e-04 3.672267978020589748e-06 4.674844085779165543e-07
5.300000000000000000e+03 3.215262791088805772e-04 1.902302137090423312e-05 3.653767309249587349e-04 1.185847249795896551e-05 1.591509131608919738e-04 1.653691468185961889e-03 7.645790618820706339e-05 2.960359129088830309e-04 3.204971107828101473e-06 4.356110135219821906e-07 3.302523024296116359e-04 2.040689939353803622e-05 4.364470452571891273e-04 1.185847249795896551e-05 1.591509131608919738e-04 1.653691468185961889e-03 7.645790618820706339e-05 2.960359129088830309e-04 3.204971107828101473e-06 4.356110135219821906e-07
5.400000000000000000e+03 3.263409084945153443e-04 1.906215305205730321e-05 3.515101008941005564e-04 1.159887568753331273e-05 1.562242172734824093e-04 1.649900326193938548e-03 7.526720718787454614e-05 3.047889500280111306e-04 3.474724799651375344e-06 4.689560681572872577e-07 3.359242159103176511e-04 2.049040819264666435e-05 4.194709329326922745e-04 1.159887568753331273e-05 1.562242172734824093e-04 1.649900326193938548e-03 7.526720718787454614e-05 3.047889500280111306e-04 3.474724799651375344e-06 4.689560681572872577e-07
5.500000000000000000e+03 3.268246490585211494e-04 1.938454920958221039e-05 3.523095522875609306e-04 1.115883776828774174e-05 1.553096238271334370e-04 1.650009079286404289e-03 7.360533238264725490e-05 2.971614353169722985e-04 3.116684316185169045e-06 4.881533324159026569e-07 3.391143597625930948e-04 2.078435486783001973e-05 4.205855501765432794e-04 1.115883776828774174e-05 1.553096238271334370e-04 1.650009079286404289e-03 7.360533238264725490e-05 2.971614353169722985e-04 3.116684316185169045e-06 4.881533324159026569e-07
5.600000000000000000e+03 3.297405496141011627e-04 1.925692352486561729e-05 3.366356988745369686e-04 1.082054594663697005e-05 1.556228556175534876e-04 1.642679970632808257e-03 7.363663968165429664e-05 3.126731519776839840e-04 3.801985489994732162e-06 5.101659476050723048e-07 3.410211903115302609e-04 2.059725258415035182e-05 3.997434631334080188e-04 1.082054594663697005e-05 1.556228556175534876e-04 1.642679970632808257e-03 7.363663968165429664e-05 3.126731519776839840e-04 3.801985489994732162e-06 5.101659476050723048e-07
5.700000000000000000e+03 3.316805786997825884e-04 2.008752595347591051e-05 4.131313414768796087e-04 1.793731409901449115e-04 1.333016695729330719e-04 1.694183758010875136e-03 6.390383525848439467e-05 3.222166495786270052e-04 2.145954744119467246e-06 5.047266589111493649e-07 3.473672299493885877e-04 2.161589152828678141e-05 4.892478244420339021e-04 1.793731409901449115e-04 1.333016695729330719e-04 1.694183758010875136e-03 6.390383525848439467e-05 3.222166495786270052e-04 2.145954744119467246e-06 5.047266589111493649e-07
5.800000000000000000e+03 3.343953584706008315e-04 1.996983328305798738e-05 3.382788437976795310e-04 1.056175710119408612e-05 1.492680779154758914e-04 1.647499619860277875e-03 6.807914577180686688e-05 2.887809121117196321e-04 2.678424863810552651e-06 5.723655012033196922e-07 3.522472628594795481e-04 2.144641611987476131e-05 4.025400563619869684e-04 1.056175710119408612e-05 1.492680779154758914e-04 1.647499619860277875e-03 6.807914577180686688e-05 2.887809121117196321e-04 2.678424863810552651e-06 5.723655012033196922e-07
5.900000000000000000e+03 3.357440670329664336e-04 2.038596039006469111e-05 3.118342122132907596e-04 1.329873426520970369e-05 1.722481685254001048e-04 1.627571582134244204e-03 3.093392769395997798e-04 3.186291449549825483e-04 5.133129687092421290e-06 1.289341248363445113e-06 3.543789660559912530e-04 2.208644407582737151e-05 3.715035145774650809e-04 1.329873426520970369e-05 1.722481685254001048e-04 1.627571582134244204e-03 3.093392769395997798e-04 3.186291449549825483e-04 5.133129687092421290e-06 1.289341248363445113e-06
6.000000000000000000e+03 3.417656121806662991e-04 2.032038610386603737e-05 3.229811233556464066e-04 1.011414622846006748e-05 1.442375938626814103e-04 1.643138931615577801e-03 6.520624689163530860e-05 2.908638969781999237e-04 2.595172436235737858e-06 6.299423838652081600e-07 3.634052164950102542e-04 2.182726499257995188e-05 3.842554221733816616e-04 1.011414622846006748e-05 1.442375938626814103e-04 1.643138931615577801e-03 6.520624689163530860e-05 2.908638969781999237e-04 2.595172436235737858e-06 6.299423838652081600e-07
6.100000000000000000e+03 3.424591375739540009e-04 2.039578870877098267e-05 3.152952430295322041e-04 1.015625287858777736e-05 1.440279592442338715e-04 1.640780159953898754e-03 6.417161189896875625e-05 2.941511187710271215e-04 2.682282655067932470e-06 6.686501571561493416e-07 3.653740330449927560e-04 2.201390101887454239e-05 3.747277686435842659e-04 1.015625287858777736e-05 1.440279592442338715e-04 1.640780159953898754e-03 6.417161189896875625e-05 2.941511187710271215e-04 2.682282655067932470e-06 6.686501571561493416e-07
6.200000000000000000e+03 3.323313109060673301e-04 1.957048263424524608e-05 2.003827700811695476e-04 2.282391472652971058e-04 1.779302215639113412e-04 1.519867545371977229e-03 1.180050348618076335e-04 7.488255409832596547e-04 5.383506586525894977e-06 1.390313677926746382e-06 3.614234364197093838e-04 2.072644012339959314e-05 2.388306251757475848e-04 2.282391472652971058e-04 1.779302215639113412e-04 1.519867545371977229e-03 1.180050348618076335e-04 7.488255409832596547e-04 5.383506586525894977e-06 1.390313677926746382e-06
6.300000000000000000e+03 3.478606497287001697e-04 2.090932422143882951e-05 3.072782181020821519e-04 9.926413905011047310e-06 1.407077459238297089e-04 1.637954306140510571e-03 6.141791783092638546e-05 2.884460538067295078e-04 2.257548599562609225e-06 6.888114276293841522e-07 3.752954510913686760e-04 2.250672788790723333e-05 3.657319697256547551e-04 9.926413905011047310e-06 1.407077459238297089e-04 1.637954306140510571e-03 6.141791783092638546e-05 2.884460538067295078e-04 2.257548599562609225e-06 6.888114276293841522e-07
6.400000000000000000e+03 3.522544723384754398e-04 2.096993072863877067e-05 3.048046837138411219e-04 9.586441698701104084e-06 1.358275312678847049e-04 1.642433419752745583e-03 5.964226433568727974e-05 2.805618451308354035e-04 2.302392571724254695e-06 7.152034942944779067e-07 3.809200218879905302e-04 2.271737774396584352e-05 3.623389278684873652e-04 9.586441698701104084e-06 1.358275312678847049e-04 1.642433419752745583e-03 5.964226433568727974e-05 2.805618451308354035e-04 2.302392571724254695e-06 7.152034942944779067e-07
6.500000000000000000e+03 3.509910583712183823e-04 2.130590642817246992e-05 2.827018300669985914e-04 1.097816623801383704e-05 1.401340973020779722e-04 1.625625797221087439e-03 6.132050493574848907e-05 3.077156936933269195e-04 2.638097209974898638e-06 8.088749497072534218e-07 3.820577341346106785e-04 2.303262006438985737e-05 3.363262865066190665e-04 1.097816623801383704e-05 1.401340973020779722e-04 1.625625797221087439e-03 6.132050493574848907e-05 3.077156936933269195e-04 2.638097209974898638e-06 8.088749497072534218e-07
6.600000000000000000e+03 3.640941238460011905e-04 2.203777405934385998e-05 3.264036903073674325e-04 1.529297643110529435e-05 1.208806701116735564e-04 1.669630006546031368e-03 1.610694475080129450e-04 2.457096071641779724e-04 2.095581426994661115e-06 9.819485073740478028e-07 3.964074348624976700e-04 2.370682779624012050e-05 3.838750879337132012e-04 1.529297643110529435e-05 1.208806701116735564e-04 1.669630006546031368e-03 1.610694475080129450e-04 2.457096071641779724e-04 2.095581426994661115e-06 9.819485073740478028e-07
6.700000000000000000e+03 3.474520553348983860e-04 2.069577296453875773e-05 2.108383466022579382e-04 1.678672096619184797e-04 1.514098963323367761e-04 1.536780490334112466e-03 7.327679973213786118e-05 6.095650601391578230e-04 3.492246495729916234e-06 1.219690069053593280e-06 3.838621988726426430e-04 2.217009268778816921e-05 2.521562679538866887e-04 1.678672096619184797e-04 1.514098963323367761e-04 1.536780490334112466e-03 7.327679973213786118e-05 6.095650601391578230e-04 3.492246495729916234e-06 1.219690069053593280e-06
6.800000000000000000e+03 3.613319308378724936e-04 2.201583487710089557e-05 2.814726673524996009e-04 8.997897331519431543e-06 1.300191434041921836e-04 1.629565496225893846e-03 5.509287553836977799e-05 2.846670373369935268e-04 1.945487707433920824e-06 8.141385985350974005e-07 3.987474918320111218e-04 2.387381811507214072e-05 3.350444300875309099e-04 8.997897331519431543e-06 1.300191434041921836e-04 1.629565496225893846e-03 5.509287553836977799e-05 2.846670373369935268e-04 1.945487707433920824e-06 8.141385985350974005e-07
6.900000000000000000e+03 3.665111433367444120e-04 2.182272700272152785e-05 2.721680170825717805e-04 9.710401735676489076e-06 1.253889629750586207e-04 1.628870289044918786e-03 6.073100480583387733e-05 2.915264152319118566e-04 2.090011434128922305e-06 8.198196073558872940e-07 4.045732009987828615e-04 2.389391850896721491e-05 3.236211895270790458e-04 9.710401735676489076e-06 1.253889629750586207e-04 1.628870289044918786e-03 6.073100480583387733e-05 2.915264152319118566e-04 2.090011434128922305e-06 8.198196073558872940e-07
7.000000000000000000e+03 3.536897444551850194e-04 2.127688940730078623e-05 1.574504380159898577e-04 3.850760199925475319e-04 1.577219119578109605e-04 1.480283102356642465e-03 6.571662557662628673e-05 9.552246384289953939e-04 4.431736028779984462e-06 1.499971564391976579e-06 3.948511166602675917e-04 2.286577018421522762e-05 1.860142518068270967e-04 3.850760199925475319e-04 1.577219119578109605e-04 1.480283102356642465e-03 6.571662557662628673e-05 9.552246384289953939e-04 4.431736028779984462e-06 1.499971564391976579e-06
7.100000000000000000e+03 3.688714281216680531e-04 2.252527026477696030e-05 2.673042393824711488e-04 8.681208552061457845e-06 1.250463717608015272e-04 1.624651651331464634e-03 5.207009254055325163e-05 2.831848645922011281e-04 1.775790351746146080e-06 8.424559943253167823e-07 4.117625772213907810e-04 2.456332228994369021e-05 3.186995958305637402e-04 8.681208552061457845e-06 1.250463717608015272e-04 1.624651651331464634e-03 5.207009254055325163e-05 2.831848645922011281e-04 1.775790351746146080e-06 8.424559943253167823e-07
7.200000000000000000e+03 3.682167638070258059e-04 2.187299392377214309e-05 1.953921642130306132e-04 2.596543669759142134e-05 1.408934935607803341e-04 1.561230253345876652e-03 6.747146804314547834e-05 4.347655438048091689e-04 3.342037553974598754e-06 1.078492444480359838e-06 4.122312517405126494e-04 2.394988245531993155e-05 2.332743203935766898e-04 2.596543669759142134e-05 1.408934935607803341e-04 1.561230253345876652e-03 6.747146804314547834e-05 4.347655438048091689e-04 3.342037553974598754e-06 1.078492444480359838e-06
7.300000000000000000e+03 3.747907937076142893e-04 2.283519172360606739e-05 2.601188903545020858e-04 8.257138325037304290e-06 1.200626831151967232e-04 1.622891929387210207e-03 5.034735740821926273e-05 2.801626193760903250e-04 1.697083789628098204e-06 8.836561424508799199e-07 4.212216078372077563e-04 2.500342244399979234e-05 3.101213981974202489e-04 8.257138325037304290e-06 1.200626831151967232e-04 1.622891929387210207e-03 5.034735740821926273e-05 2.801626193760903250e-04 1.697083789628098204e-06 8.836561424508799199e-07
7.400000000000000000e+03 3.700669516419017322e-04 2.268878599151695526e-05 3.776121428518060025e-04 4.099334546248689128e-04 1.135477780438345078e-04 1.818796511612324248e-03 5.267380383378199630e-05 2.902318079492788847e-04 1.555878970966926810e-06 7.689641402486029071e-07 4.187168988217741914e-04 2.536027641765888448e-05 4.399615058459645060e-04 4.099334546248689128e-04 1.135477780438345078e-04 1.818796511612324248e-03 5.267380383378199630e-05 2.902318079492788847e-04 1.555878970966926810e-06 7.689641402486029071e-07
7.500000000000000000e+03 3.778835951632200586e-04 2.285366952487593225e-05 2.520628002139708242e-04 8.078862551149169335e-06 1.194847173006648660e-04 1.619981547333524579e-03 4.864381502296898335e-05 2.795676569059736159e-04 1.690669795230762038e-06 8.368633616703473339e-07 4.272437061303336237e-04 2.516295367493228235e-05 3.013047949508414420e-04 8.078862551149169335e-06 1.194847173006648660e-04 1.619981547333524579e-03 4.864381502296898335e-05 2.795676569059736159e-04 1.690669795230762038e-06 8.368633616703473339e-07
7.600000000000000000e+03 3.823434015033628326e-04 2.301410833826832901e-05 2.496627428423261129e-04 7.881607014513282788e-06 1.150030443961857124e-04 1.621078626866648839e-03 4.731832432119507275e-05 2.755034159535068488e-04 1.555622748134753961e-06 8.669969301261521129e-07 4.338704335693623700e-04 2.543361744027293313e-05 2.980502132927829659e-04 7.881607014513282788e-06 1.150030443961857124e-04 1.621078626866648839e-03 4.731832432119507275e-05 2.755034159535068488e-04 1.555622748134753961e-06 8.669969301261521129e-07
7.700000000000000000e+03 3.853030010543372075e-04 2.305761776510333386e-05 2.531364176932513485e-04 9.752933512491329776e-06 1.098422204341410296e-04 1.624860104232433771e-03 5.266883155905803982e-05 2.711936259179216361e-04 1.547048706659427475e-06 9.025310392413578886e-07 4.387516587972892105e-04 2.559237705715069824e-05 3.015890632670888897e-04 9.752933512491329776e-06 1.098422204341410296e-04 1.624860104232433771e-03 5.266883155905803982e-05 2.711936259179216361e-04 1.547048706659427475e-06 9.025310392413578886e-07
7.800000000000000000e+03 3.824062584979285857e-04 2.523160090343241324e-05 4.170873639187761494e-04 3.825374970314702349e-05 8.499893611075076618e-05 1.763341519091652558e-03 4.325952116046181874e-05 1.555572263375960872e-04 9.183124691112353098e-07 6.870452575199981864e-07 4.371640987548121391e-04 2.800241824696545671e-05 4.890542405099974942e-04 3.825374970314702349e-05 8.499893611075076618e-05 1.763341519091652558e-03 4.325952116046181874e-05 1.555572263375960872e-04 9.183124691112353098e-07 6.870452575199981864e-07
7.900000000000000000e+03 3.921487708605869379e-04 2.313330359957573688e-05 2.561527116276936179e-04 8.965426117681973690e-06 1.025318124854039052e-04 1.631287236831863077e-03 6.410566978972799068e-05 2.560637084280079924e-04 1.465816354321558736e-06 9.418773596144142636e-07 4.493033996498572253e-04 2.569895437327695046e-05 3.051025601913572981e-04 8.965426117681973690e-06 1.025318124854039052e-04 1.631287236831863077e-03 6.410566978972799068e-05 2.560637084280079924e-04 1.465816354321558736e-06 9.418773596144142636e-07
8.000000000000000000e+03 3.869186813349035194e-04 2.252653001753185470e-05 2.503302799289797869e-04 1.782395174059274074e-05 1.107403977653466479e-04 1.637911113582601582e-03 4.508533591957836054e-05 2.469829276535120315e-04 1.539602361042672286e-06 8.256075612927027030e-07 4.439083547898920921e-04 2.518177846898149886e-05 2.986185188956042794e-04 1.782395174059274074e-05 1.107403977653466479e-04 1.637911113582601582e-03 4.508533591957836054e-05 2.469829276535120315e-04 1.539602361042672286e-06 8.256075612927027030e-07
8.100000000000000000e+03 3.931678046695476127e-04 2.295323797340961952e-05 2.516373738710281881e-04 1.236464860971671417e-05 1.058800511244135771e-04 1.633005101361115772e-03 4.492322311770132669e-05 2.491799849770913520e-04 1.514230803585089360e-06 8.911914094113918362e-07 4.517693496288037501e-04 2.573379041366043228e-05 2.999021266593219224e-04 1.236464860971671417e-05 1.058800511244135771e-04 1.633005101361115772e-03 4.492322311770132669e-05 2.491799849770913520e-04 1.514230803585089360e-06 8.911914094113918362e-07
8.200000000000000000e+03 4.016509317905688891e-04 2.669646425558900950e-05 5.407776666450448202e-04 5.693929120440420277e-05 6.893162159132427817e-05 1.920131986484798414e-03 4.372266143700707317e-05 1.991957545965387575e-04 1.820272703011851624e-06 7.756008887243624349e-07 4.643008657153163384e-04 2.955001625767363343e-05 6.238645644515087695e-04 5.693929120440420277e-05 6.893162159132427817e-05 1.920131986484798414e-03 4.372266143700707317e-05 1.991957545965387575e-04 1.820272703011851624e-06 7.756008887243624349e-07
8.300000000000000000e+03 3.939727396014058099e-04 2.145013736623565479e-05 2.251731952460617572e-04 2.623978399257375583e-05 1.163126546970583738e-04 1.620648939306484947e-03 7.981678585852625281e-05 2.697406287729978364e-04 2.394152876138806715e-06 8.664756489769574811e-07 4.540089133344991164e-04 2.423004596089216620e-05 2.692612295835214334e-04 2.623978399257375583e-05 1.163126546970583738e-04 1.620648939306484947e-03 7.981678585852625281e-05 2.697406287729978364e-04 2.394152876138806715e-06 8.664756489769574811e-07
8.400000000000000000e+03 4.020750926023798676e-04 2.348946832297505374e-05 2.837866486537331126e-04 8.313317420034638323e-06 9.019971686911270432e-05 1.668572866306216543e-03 8.405683286530422601e-05 1.982895921800655211e-04 1.580174506410851618e-06 1.040192795416894608e-06 4.670351588227616675e-04 2.648459359604633242e-05 3.365247703018018829e-04 8.313317420034638323e-06 9.019971686911270432e-05 1.668572866306216543e-03 8.405683286530422601e-05 1.982895921800655211e-04 1.580174506410851618e-06 1.040192795416894608e-06
8.500000000000000000e+03 4.038433872157972705e-04 2.162691503341640414e-05 2.185178070737653171e-04 8.531869746362201186e-06 1.041729900059892340e-04 1.607829929862748287e-03 4.207243258393025126e-05 2.752552302258238310e-04 1.560071399372459034e-06 8.950337880401373622e-07 4.674345231086598205e-04 2.444397706395262619e-05 2.621310352972103870e-04 8.531869746362201186e-06 1.041729900059892340e-04 1.607829929862748287e-03 4.207243258393025126e-05 2.752552302258238310e-04 1.560071399372459034e-06 8.950337880401373622e-07
8.600000000000000000e+03 4.040687957792640393e-04 2.144069793669492330e-05 2.170903789485125401e-04 7.203053438364816654e-06 1.038792372143966303e-04 1.603954825661615784e-03 4.107810944146142251e-05 2.785326837163851666e-04 1.553491753231424306e-06 9.138949782866493347e-07 4.686262854982164668e-04 2.423291773946835816e-05 2.608003398993092702e-04 7.203053438364816654e-06 1.038792372143966303e-04 1.603954825661615784e-03 4.107810944146142251e-05 2.785326837163851666e-04 1.553491753231424306e-06 9.138949782866493347e-07
8.700000000000000000e+03 4.029407641279647481e-04 2.301152861763101898e-05 2.830617257877037873e-04 1.139475224722266954e-05 8.516600203561414020e-05 1.668741844145373238e-03 8.711350796644651154e-05 2.002388364736694534e-04 1.498668869187175844e-06 1.103062341746787604e-06 4.701380817941320047e-04 2.617181455057075232e-05 3.369757086399478201e-04 1.139475224722266954e-05 8.516600203561414020e-05 1.668741844145373238e-03 8.711350796644651154e-05 2.002388364736694534e-04 1.498668869187175844e-06 1.103062341746787604e-06
8.800000000000000000e+03 4.083658520537654314e-04 2.113122250034691769e-05 2.145732154657424638e-04 6.916399605128325190e-06 1.014210159054633513e-04 1.605575372725398867e-03 3.994039812289581636e-05 2.724772712979901769e-04 1.589233888480533086e-06 9.250580492229759340e-07 4.753723128087246710e-04 2.395232337968262426e-05 2.580808936964808014e-04 6.916399605128325190e-06 1.014210159054633513e-04 1.605575372725398867e-03 3.994039812289581636e-05 2.724772712979901769e-04 1.589233888480533086e-06 9.250580492229759340e-07
8.900000000000000000e+03 4.097741887850763409e-04 2.078663498945246884e-05 2.080454568282853148e-04 6.899543369220992436e-06 1.010916290293809901e-04 1.597898119493618933e-03 4.006514045640199222e-05 2.838875305375731573e-04 1.677565337678946437e-06 9.446730482861100413e-07 4.767444411710954522e-04 2.366421555215017050e-05 2.502800173595983195e-04 6.899543369220992436e-06 1.010916290293809901e-04 1.597898119493618933e-03 4.006514045640199222e-05 2.838875305375731573e-04 1.677565337678946437e-06 9.446730482861100413e-07
9.000000000000000000e+03 3.918879065852628042e-04 2.255158936259369254e-05 2.988140238306213978e-04 9.078912757743440331e-05 9.836733782511345283e-05 1.675222228557651837e-03 1.089884601712116631e-04 2.298106851642195468e-04 1.461071226846770890e-06 1.035114869194600621e-06 4.582242393743349925e-04 2.554264157371422661e-05 3.560686848618964352e-04 9.078912757743440331e-05 9.836733782511345283e-05 1.675222228557651837e-03 1.089884601712116631e-04 2.298106851642195468e-04 1.461071226846770890e-06 1.035114869194600621e-06
9.100000000000000000e+03 4.234067457005021387e-04 2.327493058891336338e-05 2.928885016920137162e-04 2.032068629604610776e-05 8.365884637951831470e-05 1.675386847350998024e-03 4.119520591482216283e-04 1.969348078314666869e-04 4.902778239855712742e-06 2.397989000047965007e-06 4.963044654026788896e-04 2.638236446390882693e-05 3.467614407867558460e-04 2.032068629604610776e-05 8.365884637951831470e-05 1.675386847350998024e-03 4.119520591482216283e-04 1.969348078314666869e-04 4.902778239855712742e-06 2.397989000047965007e-06
9.200000000000000000e+03 4.147590717017244776e-04 2.035958398208494510e-05 2.074430010177822389e-04 6.664653261633738698e-06 9.789292769508701336e-05 1.602764570116295547e-03 3.833192852849773166e-05 2.708779512978928242e-04 1.615851260830430120e-06 1.003726669513601064e-06 4.843648142806007782e-04 2.324516884784426737e-05 2.497190557273620956e-04 6.664653261633738698e-06 9.789292769508701336e-05 1.602764570116295547e-03 3.833192852849773166e-05 2.708779512978928242e-04 1.615851260830430120e-06 1.003726669513601064e-06
9.300000000000000000e+03 4.138909369044225161e-04 1.996988062362778580e-05 2.031781988268745187e-04 6.668659957310527046e-06 9.895118798953541890e-05 1.596649770320068698e-03 3.798098892834433064e-05 2.804330369632089862e-04 1.731859903738096057e-06 9.834534500251442819e-07 4.835797962040098812e-04 2.279849503343246326e-05 2.455838663258744377e-04 6.668659957310527046e-06 9.895118798953541890e-05 1.596649770320068698e-03 3.798098892834433064e-05 2.804330369632089862e-04 1.731859903738096057e-06 9.834534500251442819e-07
9.400000000000000000e+03 4.158920651307331721e-04 2.004836764069651319e-05 2.070305661075980564e-04 6.505860681937015620e-06 9.556342312089030080e-05 1.602369259556082545e-03 3.809739113249124788e-05 2.705062990018409206e-04 1.630069862450876710e-06 1.009472143534135473e-06 4.861566525335113951e-04 2.297522564723604037e-05 2.494662358352454294e-04 6.505860681937015620e-06 9.556342312089030080e-05 1.602369259556082545e-03 3.809739113249124788e-05 2.705062990018409206e-04 1.630069862450876710e-06 1.009472143534135473e-06
9.500000000000000000e+03 4.249437580494654304e-04 3.141219258510884058e-05 5.100776502214982282e-04 6.460023662542228179e-04 6.926581560077758382e-05 1.852979873879795607e-03 5.405798426435616056e-04 4.626992133405792617e-04 1.580287135163649685e-05 2.830030141119235107e-06 5.032491989531892021e-04 3.473715715755186777e-05 5.965492833560157721e-04 6.460023662542228179e-04 6.926581560077758382e-05 1.852979873879795607e-03 5.405798426435616056e-04 4.626992133405792617e-04 1.580287135163649685e-05 2.830030141119235107e-06
9.600000000000000000e+03 4.175193776889443405e-04 1.973041470780244355e-05 2.019681214991812552e-04 6.448396217351764419e-06 9.601923229531108260e-05 1.598624460612106495e-03 3.672746706776850405e-05 2.733358641180154078e-04 1.714872984681213887e-06 1.072451937186723050e-06 4.888614158896485056e-04 2.258672770240681722e-05 2.438475261095752284e-04 6.448396217351764419e-06 9.601923229531108260e-05 1.598624460612106495e-03 3.672746706776850405e-05 2.733358641180154078e-04 1.714872984681213887e-06 1.072451937186723050e-06
9.700000000000000000e+03 4.330092922147990575e-04 1.956791847662502136e-05 1.690652219098547039e-04 1.356380292613656233e-05 1.811979361101575907e-04 1.559801993692016024e-03 1.154469444602525133e-03 3.345830517191488796e-04 1.277605273802939864e-05 3.711398419180932203e-06 4.984843531933151909e-04 2.262856749731869340e-05 2.046817615263181477e-04 1.356380292613656233e-05 1.811979361101575907e-04 1.559801993692016024e-03 1.154469444602525133e-03 3.345830517191488796e-04 1.277605273802939864e-05 3.711398419180932203e-06
9.800000000000000000e+03 4.193726653147553237e-04 1.931291420639176911e-05 2.732782544377649735e-04 2.931764128172074197e-04 9.069387741678471612e-05 1.747101117952635542e-03 3.813576951743338978e-05 2.635456889707522604e-04 1.758243620624135383e-06 1.084966088730732786e-06 4.900804328708648549e-04 2.242503089253325494e-05 3.236849646815436582e-04 2.931764128172074197e-04 9.069387741678471612e-05 1.747101117952635542e-03 3.813576951743338978e-05 2.635456889707522604e-04 1.758243620624135383e-06 1.084966088730732786e-06
9.900000000000000000e+03 4.203696193485193292e-04 1.965722086223285878e-05 1.977541737306249289e-04 6.269991792449031627e-06 9.489241343470930447e-05 1.596950684663746246e-03 3.583133328747979126e-05 2.721772154582084236e-04 1.744823689997332450e-06 1.148162822790896155e-06 4.928616448102466838e-04 2.254759149227229226e-05 2.389748733463062499e-04 6.269991792449031627e-06 9.489241343470930447e-05 1.596950684663746246e-03 3.583133328747979126e-05 2.721772154582084236e-04 1.744823689997332450e-06 1.148162822790896155e-06
1.000000000000000000e+04 4.192617245538515780e-04 2.033321811716312495e-05 2.305933567200155524e-04 7.390374779062448874e-06 8.626306877250335505e-05 1.631138776895127733e-03 3.420539434740368516e-05 2.255884722526143291e-04 1.416957295854165321e-06 1.227422567526404834e-06 4.926387716612183176e-04 2.322942943505173173e-05 2.774183527788204036e-04 7.390374779062448874e-06 8.626306877250335505e-05 1.631138776895127733e-03 3.420539434740368516e-05 2.255884722526143291e-04 1.416957295854165321e-06 1.227422567526404834e-06
1.000000000000000000e+04 4.192617245538515780e-04 2.033321811716312495e-05 2.305933567200155524e-04 7.390374779062448874e-06 8.626306877250335505e-05 1.631138776895127733e-03 3.800599371933742466e-06 2.030296250273528908e-03 1.416957295854165321e-06 1.227422567526404834e-06 4.926387716612183176e-04 2.322942943505173173e-05 2.774183527788204036e-04 7.390374779062448874e-06 8.626306877250335505e-05 1.631138776895127733e-03 3.800599371933742466e-06 2.030296250273528908e-03 1.416957295854165321e-06 1.227422567526404834e-06
1.100000000000000000e+04 4.394333460012178898e-04 3.015587434763446049e-05 1.393748792130435131e-04 4.882249704061068023e-06 1.196382953236524910e-04 1.971638906275288271e-03 1.608166396889372168e-05 3.711937422652739256e-05 4.272828969767307597e-07 3.756676244316304735e-06 4.881250423175876457e-04 3.518447282056044875e-05 1.757640591195389827e-04 4.882249704061068023e-06 1.196382953236524910e-04 1.971638906275288271e-03 1.608166396889372168e-05 3.711937422652739256e-05 4.272828969767307597e-07 3.756676244316304735e-06
1.200000000000000000e+04 4.297258943411615627e-04 3.366862901249208001e-05 1.333706425752434542e-04 3.616168374293894643e-06 1.149576374445888439e-04 1.963728941638232320e-03 1.639590649561277705e-05 3.920854434539130736e-05 7.913172562079698489e-07 4.945290342003923262e-06 4.717712419139991477e-04 3.938424200412125881e-05 1.710498777623534650e-04 3.616168374293894643e-06 1.149576374445888439e-04 1.963728941638232320e-03 1.639590649561277705e-05 3.920854434539130736e-05 7.913172562079698489e-07 4.945290342003923262e-06
1.300000000000000000e+04 4.253521158459433417e-04 3.312596285374110635e-05 1.296730719871345592e-04 3.141015038023485045e-06 1.125064863787106459e-04 1.960829629598336010e-03 1.647308678664559159e-05 3.998051359968829156e-05 6.009445469571617951e-07 6.091855879921580955e-06 4.744583001890774021e-04 3.953387690659763775e-05 1.669876662156514449e-04 3.141015038023485045e-06 1.125064863787106459e-04 1.960829629598336010e-03 1.647308678664559159e-05 3.998051359968829156e-05 6.009445469571617951e-07 6.091855879921580955e-06
1.400000000000000000e+04 4.144309455758991845e-04 3.404150063628440346e-05 1.284376323002123688e-04 2.881522899292193350e-06 1.106494770170217390e-04 1.959108424198408374e-03 1.689664929135786074e-05 4.124768764028881947e-05 7.029960928662365541e-07 7.322085052102718143e-06 4.637785549991625439e-04 4.016150101649740425e-05 1.667864408317302897e-04 2.881522899292193350e-06 1.106494770170217390e-04 1.959108424198408374e-03 1.689664929135786074e-05 4.124768764028881947e-05 7.029960928662365541e-07 7.322085052102718143e-06
1.500000000000000000e+04 4.085468576700425998e-04 3.609761791568962761e-05 1.248194810030867519e-04 2.511129260786350901e-06 1.087654560782087886e-04 1.957928831768283428e-03 1.817013988001146431e-05 4.031468291542888538e-05 6.069902331719604029e-07 8.389089026876674516e-06 4.619756184662035373e-04 4.193740029178469266e-05 1.611032496794401875e-04 2.511129260786350901e-06 1.087654560782087886e-04 1.957928831768283428e-03 1.817013988001146431e-05 4.031468291542888538e-05 6.069902331719604029e-07 8.389089026876674516e-06
1.600000000000000000e+04 4.003407941300280728e-04 3.867876795234023995e-05 1.257809209652802800e-04 1.971731841113418025e-06 1.078156784919319329e-04 1.956272005027548042e-03 1.847477632287599216e-05 4.142143869438731039e-05 7.059824964093632158e-07 8.555513763693612970e-06 4.529044743471025169e-04 4.499616558258693569e-05 1.612486697672944262e-04 1.971731841113418025e-06 1.078156784919319329e-04 1.956272005027548042e-03 1.847477632287599216e-05 4.142143869438731039e-05 7.059824964093632158e-07 8.555513763693612970e-06
1.700000000000000000e+04 3.996150721645335465e-04 3.790729093915913870e-05 1.234096063710201784e-04 1.435504250735898222e-06 1.065083871859342379e-04 1.956506439327015956e-03 1.863049295383433415e-05 4.098669547922894572e-05 6.903542790385676817e-07 8.375211229251776999e-06 4.566486603013641325e-04 4.436683258199054200e-05 1.573258444992356399e-04 1.435504250735898222e-06 1.065083871859342379e-04 1.956506439327015956e-03 1.863049295383433415e-05 4.098669547922894572e-05 6.903542790385676817e-07 8.375211229251776999e-06
1.800000000000000000e+04 3.961860782622769533e-04 3.671934582950482932e-05 1.242149163002933046e-04 1.697918232112953053e-06 1.057361571557522979e-04 1.956017327095508230e-03 1.790742816460897175e-05 4.173096628709165078e-05 5.250040412376508665e-07 8.312169644328523644e-06 4.591310156949118880e-04 4.348461353991550670e-05 1.591474692807081238e-04 1.697918232112953053e-06 1.057361571557522979e-04 1.956017327095508230e-03 1.790742816460897175e-05 4.173096628709165078e-05 5.250040412376508665e-07 8.312169644328523644e-06
1.900000000000000000e+04 3.937522722260149307e-04 3.609120175870433834e-05 1.228053653381025716e-04 1.654867534421187553e-06 1.045450927508825725e-04 1.956584022301199877e-03 1.787677419997320337e-05 4.044461110978175063e-05 7.185171872552882835e-07 8.780801871882088646e-06 4.625851951841788274e-04 4.284207245021362168e-05 1.578362325820081619e-04 1.654867534421187553e-06 1.045450927508825725e-04 1.956584022301199877e-03 1.787677419997320337e-05 4.044461110978175063e-05 7.185171872552882835e-07 8.780801871882088646e-06
2.000000000000000000e+04 3.928049493757366779e-04 3.643566947972987210e-05 1.208800139842563880e-04 1.366015820100603086e-06 1.028859076066835634e-04 1.955179053613063673e-03 1.808112598532116282e-05 4.074727600101206513e-05 8.937560291188006842e-07 8.621253162066059330e-06 4.673060431570688080e-04 4.285076927402862453e-05 1.551484632613477120e-04 1.366015820100603086e-06 1.028859076066835634e-04 1.955179053613063673e-03 1.808112598532116282e-05 4.074727600101206513e-05 8.937560291188006842e-07 8.621253162066059330e-06
2.100000000000000000e+04 3.844143522468956831e-04 3.857945596911136317e-05 1.176220649827189329e-04 1.702785173415232203e-06 9.927795100614096157e-05 1.955969225952518091e-03 1.981561268895573515e-05 4.010678839971093871e-05 1.580021157185140330e-06 8.421483428070365769e-06 4.659924362023403952e-04 4.399176521546036586e-05 1.515693738569601722e-04 1.702785173415232203e-06 9.927795100614096157e-05 1.955969225952518091e-03 1.981561268895573515e-05 4.010678839971093871e-05 1.580021157185140330e-06 8.421483428070365769e-06
2.200000000000000000e+04 3.291283276778421462e-04 3.328711021601882188e-05 1.105157870861731147e-04 1.874687589071361258e-06 8.484294056736989156e-05 1.969497795704116486e-03 3.660784358754507779e-05 3.949949371830150779e-05 1.430670632649320107e-06 8.219873348610290785e-06 3.960671220132119265e-04 3.308862813601214293e-05 1.388296054679638060e-04 1.874687589071361258e-06 8.484294056736989156e-05 1.969497795704116486e-03 3.660784358754507779e-05 3.949949371830150779e-05 1.430670632649320107e-06 8.219873348610290785e-06
2.300000000000000000e+04 2.737952577317865049e-04 4.446689531767706319e-05 1.000570982598706255e-04 1.337089089950819889e-06 7.002832324090625118e-05 1.966741286040121425e-03 2.630618771778232305e-05 3.940392977183827155e-05 1.049881294944070746e-06 1.037800355945974692e-05 3.472317523004832306e-04 4.825435449847949001e-05 1.234480296627138147e-04 1.337089089950819889e-06 7.002832324090625118e-05 1.966741286040121425e-03 2.630618771778232305e-05 3.940392977183827155e-05 1.049881294944070746e-06 1.037800355945974692e-05
2.400000000000000000e+04 1.931426769490462319e-04 4.531069863671792676e-05 7.718570867618248902e-05 1.614363905955076859e-06 4.412537807341295121e-05 1.969203753568805546e-03 2.958908978873259877e-05 3.570392149255629914e-05 1.426728228810316129e-06 9.661930029475091636e-06 2.245708527318378864e-04 5.660967158216716270e-05 9.627782380446519596e-05 1.614363905955076859e-06 4.412537807341295121e-05 1.969203753568805546e-03 2.958908978873259877e-05 3.570392149255629914e-05 1.426728228810316129e-06 9.661930029475091636e-06
2.500000000000000000e+04 1.256646278262120474e-04 2.291023944734039638e-05 4.718218745514358081e-05 2.600549285305116809e-06 2.856893334533046092e-05 1.969002888186013097e-03 2.133936948104933620e-05 3.361167603375453037e-05 4.568370210079760856e-07 1.392915275327405625e-05 1.487877807133298645e-04 2.479612880797755020e-05 5.855380979658989871e-05 2.600549285305116809e-06 2.856893334533046092e-05 1.969002888186013097e-03 2.133936948104933620e-05 3.361167603375453037e-05 4.568370210079760856e-07 1.392915275327405625e-05
2.600000000000000000e+04 1.107474017666466734e-04 1.657710241791769736e-05 3.266430753234161069e-05 1.403289403670698230e-06 2.319111489724955022e-05 1.963172665640638102e-03 1.430416620046348921e-05 3.315277183201562175e-05 1.216780364900437386e-06 1.293360396020973478e-05 1.339213986949732565e-04 2.055940803326509152e-05 4.077993519160440385e-05 1.403289403670698230e-06 2.319111489724955022e-05 1.963172665640638102e-03 1.430416620046348921e-05 3.315277183201562175e-05 1.216780364900437386e-06 1.293360396020973478e-05
2.700000000000000000e+04 9.668753577619129376e-05 1.433223775223191626e-05 2.701996512596327560e-05 1.596318761328360629e-06 1.960993209768149384e-05 1.962655394435671406e-03 1.530803566001573871e-05 3.228590525556018315e-05 1.367360244238500571e-06 1.375978771590633411e-05 1.210114034229094963e-04 1.889438078824793763e-05 3.343788724389131081e-05 1.596318761328360629e-06 1.960993209768149384e-05 1.962655394435671406e-03 1.530803566001573871e-05 3.228590525556018315e-05 1.367360244238500571e-06 1.375978771590633411e-05
2.800000000000000000e+04 8.898542237546902133e-05 1.234566444078373924e-05 2.326808825605131983e-05 1.051897513480761733e-06 1.840747899164394416e-05 1.959869690675193187e-03 1.441430536676089942e-05 3.315830342488982458e-05 1.037272294833731228e-06 1.461814860356819825e-05 1.146364949740412241e-04 1.521833608457055258e-05 2.891243475003871068e-05 1.051897513480761733e-06 1.840747899164394416e-05 1.959869690675193187e-03 1.441430536676089942e-05 3.315830342488982458e-05 1.037272294833731228e-06 1.461814860356819825e-05
2.900000000000000000e+04 8.430417881760878939e-05 1.112337145028433760e-05 2.129049433178409543e-05 8.763841292790464407e-07 1.633210930521437733e-05 1.958736025314511322e-03 1.483461703285132251e-05 3.300843764734430160e-05 1.235233607139470631e-06 1.456193809422714606e-05 1.101485834592578128e-04 1.350692592413573346e-05 2.585627718825225820e-05 8.763841292790464407e-07 1.633210930521437733e-05 1.958736025314511322e-03 1.483461703285132251e-05 3.300843764734430160e-05 1.235233607139470631e-06 1.456193809422714606e-05
3.000000000000000000e+04 8.060259419168614109e-05 9.534851575180562186e-06 1.980569952034019629e-05 8.317143391344687479e-07 1.544584704927899008e-05 1.958105548082371937e-03 1.591480951908072985e-05 3.263561753040070460e-05 1.423331172834824864e-06 1.435332350926157639e-05 1.059122962346906388e-04 1.153553513800468167e-05 2.406950351604208923e-05 8.317143391344687479e-07 1.544584704927899008e-05 1.958105548082371937e-03 1.591480951908072985e-05 3.263561753040070460e-05 1.423331172834824864e-06 1.435332350926157639e-05
